Sales QA

	select 
	Id,
	ApprovedStatus,
	FkCommissionItemId,
	CommissionRuleValue
--sum(Commission)Commission 

	from commission.LeadUserCommissions where fkleadid  = 14584 and id in (10800762,10800768,10800771,10800776,10800784,10800793,10800802,10800811,10800820,10800829,10800838,10800847,10800856,10800865,10800874,10800883,10800892,10800901,10800910,10800919,10800928,10800937,10800946,10800955,10800964,10800973,10800982,10800991,10801000,10801009,10801018,10801027,10801036,10801045,10801054,10801063,10801072,10801081,10801090,10801099,10801108,10801117,10801126,10801135,10801144,10801153,10801162,10801171,10801180,10801189,10801198,10801207,10801216,10801225,10801234,10801243,10801252,10801261,10801270,10801279,10801288,10801297,10801306,10801315,10801324,10801333,10801342,10801351,10801360,10801369,10801378,10801387,10801396,10801405,10801414,10801423,10801432,10801441,10801450,10801459,10801468,10801477,10801486,10801495,10801504,10801513,10801522,10801531,10801540,10801549,10801558,10801567,10801576,10801585,10801594,10801603,10801612,10801621,11553566,11553567,11553568,11553569,11553570,11553571,11553572,11553573,11553574,11553575,11553576,11553577,11553578,11553579,11553580,11553581,11553582,11553583,11553584,11553585,11553586,11553587,11553588,11553589,11553590,11553591,11553592,11553593,11553594,11553595,11553596,11553597,11553598,11553599,11553600,11999529,11999530,11999531,12149211,12149212,12149213,12149214,12149215,12149216,12149217,12149218
)



Sales Director
	select 
	Id,
	ApprovedStatus,
	FkCommissionItemId,
	CommissionRuleValue
	from commission.LeadUserCommissions where fkleadid  = 14584 
	
	and Id in (10800763,10800769,10800773,10800778,10800779,10800788,10800797,10800806,10800815,10800824,10800833,10800842,10800851,10800860,10800869,10800878,10800887,10800896,10800905,10800914,10800923,10800932,10800941,10800950,10800959,10800968,10800977,10800986,10800995,10801004,10801013,10801022,10801031,10801040,10801049,10801058,10801067,10801076,10801085,10801094,10801103,10801112,10801121,10801130,10801139,10801148,10801157,10801166,10801175,10801184,10801193,10801202,10801211,10801220,10801229,10801238,10801247,10801256,10801265,10801274,10801283,10801292,10801301,10801310,10801319,10801328,10801337,10801346,10801355,10801364,10801373,10801382,10801391,10801400,10801409,10801418,10801427,10801436,10801445,10801454,10801463,10801472,10801481,10801490,10801499,10801508,10801517,10801526,10801535,10801544,10801553,10801562,10801571,10801580,10801589,10801598,10801607,10801616,11553391,11553393,11553395,11553397,11553399,11553401,11553403,11553405,11553407,11553409,11553411,11553413,11553415,11553417,11553419,11553421,11553423,11553425,11553427,11553429,11553431,11553433,11553435,11553437,11553439,11553441,11553443,11553445,11553447,11553449,11553451,11553453,11553455,11553457,11553459,11999514,11999516,11999518,12149171,12149173,12149175,12149177,12149179,12149181,12149183,12149185)


Quotation Review

select 
	Id,
	ApprovedStatus,
	FkCommissionItemId,
	CommissionRuleValue
	from commission.LeadUserCommissions where fkleadid  = 14584 
	
	and Id in 
	(10800772,10800777,10800780,10800789,10800798,10800807,10800816,10800825,10800834,10800843,10800852,10800861,10800870,10800879,10800888,10800897,10800906,10800915,10800924,10800933,10800942,10800951,10800960,10800969,10800978,10800987,10800996,10801005,10801014,10801023,10801032,10801041,10801050,10801059,10801068,10801077,10801086,10801095,10801104,10801113,10801122,10801131,10801140,10801149,10801158,10801167,10801176,10801185,10801194,10801203,10801212,10801221,10801230,10801239,10801248,10801257,10801266,10801275,10801284,10801293,10801302,10801311,10801320,10801329,10801338,10801347,10801356,10801365,10801374,10801383,10801392,10801401,10801410,10801419,10801428,10801437,10801446,10801455,10801464,10801473,10801482,10801491,10801500,10801509,10801518,10801527,10801536,10801545,10801554,10801563,10801572,10801581,10801590,10801599,10801608,10801617,11553392,11553394,11553396,11553398,11553400,11553402,11553404,11553406,11553408,11553410,11553412,11553414,11553416,11553418,11553420,11553422,11553424,11553426,11553428,11553430,11553432,11553434,11553436,11553438,11553440,11553442,11553444,11553446,11553448,11553450,11553452,11553454,11553456,11553458,11553460,11999515,11999517,11999519,12149172,12149174,12149176,12149178,12149180,12149182,12149184,12149186)




